3*4
a<-2
a
